0.0	0.0	0.0	0.0	0.0	0.0	0.0	0.0	0.0	0.0	0.0	0.0	0.0	0.0	0.0	0.0	0.0	0.0	0.0	0.0	0.0	0.0	0.0	0.0	0.0	0.0	0.0	0.0	0.0	0.0
0.0	0.0	0.0	0.0	0.0	0.0	0.0	0.0	0.0	0.0	0.0	0.0	0.0	0.0	0.0	0.0	0.0	0.0	0.0	0.0	0.0	0.0	0.0	0.0	0.0	0.0	0.0	0.0	0.0	0.0
-3.484036233029618e-5	-7.714853691924766e-5	-0.00011142481614609226	-0.00012724499286188463	-0.00016245490922234498	-0.0002547054938678259	-0.00037350869379715665	-0.0004437746670022805	-0.0004190808635217724	-0.00031056661883877343	-0.00015991451654625807	-1.2466755902738312e-5	8.729488189397496e-5	0.00010491228417614465	4.5126533042733814e-5	-4.512653304273408e-5	-0.00010491228417614464	-8.729488189397487e-5	1.2466755902738426e-5	0.00015991451654625834	0.0003105666188387731	0.0004190808635217727	0.00044377466700228047	0.00037350869379715665	0.0002547054938678259	0.00016245490922234498	0.00012724499286188463	0.00011142481614609226	7.714853691924766e-5	3.484036233029572e-5
-0.00012625328397955504	-0.00030665274484611483	-0.0004429016184296099	-0.0005145796496131874	-0.0007276691978481958	-0.0012030117675711168	-0.0017384769958745726	-0.0019987860690796663	-0.0018200876663982545	-0.0012812666516185843	-0.0005769942477781065	8.63440235527778e-5	0.0005109904590940505	0.0005522068371016946	0.00023269063747589114	-0.0002326906374758926	-0.0005522068371016943	-0.0005109904590940503	-8.634402355277717e-5	0.0005769942477781075	0.0012812666516185832	0.0018200876663982562	0.0019987860690796663	0.0017384769958745726	0.0012030117675711168	0.0007276691978481958	0.0005145796496131874	0.0004429016184296099	0.00030665274484611483	0.00012625328397955325
-0.0002880836442083682	-0.0006651766635284147	-0.0009022307262300736	-0.0012080420294713382	-0.002007517340663954	-0.0031994033708039986	-0.004197541650925195	-0.004483805745725656	-0.003957451725576067	-0.0028387717036277745	-0.00143881795340402	-6.752888059442722e-5	0.0009095076417817108	0.0011225068508524296	0.0004983397185088724	-0.0004983397185088754	-0.0011225068508524294	-0.0009095076417817103	6.752888059442864e-5	0.0014388179534040224	0.002838771703627772	0.003957451725576071	0.004483805745725657	0.004197541650925195	0.0031994033708039986	0.002007517340663954	0.0012080420294713382	0.0009022307262300736	0.0006651766635284147	0.0002880836442083642
-0.0005395408065855298	-0.0009612357862720458	-0.0013993364135133329	-0.0024682467004568053	-0.0041979069278787785	-0.005867271006558639	-0.0067774705210438685	-0.006699073670580523	-0.005831878641052302	-0.004469763872395663	-0.0028089161476140333	-0.001009335396613943	0.0005276824740349881	0.001153316613652735	0.0005750534591942787	-0.000575053459194282	-0.0011533166136527351	-0.0005276824740349867	0.0010093353966139445	0.0028089161476140354	0.004469763872395661	0.005831878641052305	0.006699073670580527	0.0067774705210438685	0.005867271006558639	0.0041979069278787785	0.0024682467004568053	0.0013993364135133329	0.0009612357862720458	0.0005395408065855238
-0.0007436468413280937	-0.0012458047290167505	-0.002548338143035801	-0.004828047400964957	-0.007112800647760313	-0.008533619821320578	-0.008834913754044174	-0.008215420650853456	-0.00706774171565845	-0.005695653800649391	-0.004164341073131181	-0.002451978609770189	-0.0008799226114810875	-9.860802848215516e-6	9.761905522803092e-5	-9.761905522803138e-5	9.86080284821566e-6	0.0008799226114810888	0.00245197860977019	0.004164341073131184	0.005695653800649388	0.007067741715658456	0.008215420650853459	0.008834913754044174	0.008533619821320578	0.007112800647760313	0.004828047400964957	0.002548338143035801	0.0012458047290167505	0.0007436468413280868
-0.0007351913629363768	-0.00206781003196395	-0.004934136308998484	-0.008082753942700518	-0.010119631197144806	-0.010841800273046964	-0.01050613719079281	-0.009457378406831434	-0.008052305667615335	-0.0065846199713331804	-0.005107697507508937	-0.003716222659321122	-0.0028179915235857097	-0.002190063155354376	-0.0009035302189279873	0.0009035302189279927	0.0021900631553543755	0.0028179915235857105	0.0037162226593211224	0.00510769750750894	0.006584619971333177	0.008052305667615342	0.00945737840683144	0.01050613719079281	0.010841800273046964	0.010119631197144806	0.008082753942700518	0.004934136308998484	0.00206781003196395	0.0007351913629363674
-0.0009036987623266149	-0.004024247398556091	-0.008270208744873135	-0.01136360594537703	-0.01262824563276567	-0.012665064658154425	-0.011901237056853038	-0.010599467118145295	-0.009031202968153396	-0.007449632670877933	-0.00587645104862088	-0.004813569023310538	-0.004693866277153681	-0.0041083141406744956	-0.0016986298822492462	0.0016986298822492564	0.004108314140674495	0.004693866277153682	0.004813569023310539	0.005876451048620884	0.007449632670877931	0.009031202968153407	0.010599467118145306	0.011901237056853038	0.012665064658154425	0.01262824563276567	0.01136360594537703	0.008270208744873135	0.004024247398556091	0.000903698762326597
-0.002071982421443997	-0.007115799972903584	-0.011780528631689801	-0.0140859056136294	-0.014534606739868507	-0.014066198688627067	-0.013016967376748761	-0.011503341676562594	-0.009831145162047607	-0.008186811174738653	-0.006665546421158786	-0.006164029583723398	-0.00620658015673915	-0.004753481687190359	-0.001753429927865052	0.0017534299278650634	0.004753481687190357	0.006206580156739152	0.006164029583723398	0.006665546421158789	0.008186811174738653	0.009831145162047613	0.011503341676562601	0.013016967376748761	0.014066198688627067	0.014534606739868507	0.0140859056136294	0.011780528631689801	0.007115799972903584	0.0020719824214439618
-0.0046683002409448554	-0.01068668040251269	-0.014799786878884773	-0.01617128672335432	-0.016052571225994038	-0.015236304777472027	-0.013943082972952804	-0.012158214578834873	-0.010348174745681922	-0.008574489120482828	-0.007405082859989686	-0.0075468487354153615	-0.006941984062162861	-0.004407905670921253	-0.0014302748844745314	0.0014302748844745407	0.004407905670921251	0.006941984062162865	0.00754684873541536	0.007405082859989689	0.008574489120482824	0.010348174745681933	0.012158214578834887	0.013943082972952804	0.015236304777472027	0.016052571225994038	0.01617128672335432	0.014799786878884773	0.01068668040251269	0.0046683002409448
-0.008157743550899656	-0.013940287131203979	-0.01704682378632945	-0.01776086907391509	-0.017295915852919983	-0.016201756500805527	-0.01460444511528215	-0.012507185269714	-0.01049717937462194	-0.008608988143959743	-0.00803476373625029	-0.008269311571969327	-0.006598908741851637	-0.0037599368450836343	-0.0011715572499402089	0.0011715572499402167	0.0037599368450836326	0.006598908741851641	0.008269311571969326	0.008034763736250292	0.008608988143959743	0.01049717937462195	0.012507185269714012	0.01460444511528215	0.016201756500805527	0.017295915852919983	0.01776086907391509	0.01704682378632945	0.013940287131203979	0.008157743550899575
-0.011296357349764634	-0.016401060966036437	-0.0186442790161911	-0.01905975371258772	-0.018247696836760342	-0.016800782251264836	-0.014713809780628638	-0.012267071067926922	-0.009957610098278382	-0.008197767966267259	-0.00823016155560645	-0.007862871706832478	-0.005423211750360713	-0.003001555142175578	-0.0009277615879974599	0.0009277615879974662	0.0030015551421755785	0.005423211750360718	0.00786287170683248	0.00823016155560645	0.008197767966267257	0.009957610098278395	0.01226707106792694	0.014713809780628638	0.016800782251264836	0.018247696836760342	0.01905975371258772	0.0186442790161911	0.016401060966036437	0.011296357349764538
-0.01312713101837365	-0.018073126728084633	-0.01983306554889209	-0.020090187089954366	-0.018766830301917694	-0.01679705355478169	-0.014031637374538067	-0.011169453458388316	-0.008485575776895153	-0.007112552642298486	-0.007399777953894111	-0.00617269142252251	-0.003719140888423008	-0.0020013353907857227	-0.000588535018335573	0.0005885350183355768	0.002001335390785722	0.003719140888423011	0.006172691422522511	0.007399777953894114	0.007112552642298486	0.008485575776895161	0.011169453458388332	0.014031637374538067	0.01679705355478169	0.018766830301917694	0.020090187089954366	0.01983306554889209	0.018073126728084633	0.013127131018373539
-0.013508256025164166	-0.019185510326562696	-0.020692466709245762	-0.020628312709396336	-0.018605958357816713	-0.015919144802348177	-0.01243615290205574	-0.00910067365370821	-0.006148934006833462	-0.005255113616161056	-0.005271504060084657	-0.0033374233838772047	-0.001476500793750944	-0.0005809843902128197	-0.00013515113440826996	0.00013515113440827053	0.00058098439021282	0.0014765007937509445	0.003337423383877206	0.005271504060084657	0.005255113616161054	0.006148934006833471	0.009100673653708227	0.01243615290205574	0.015919144802348177	0.018605958357816713	0.020628312709396336	0.020692466709245762	0.019185510326562696	0.013508256025164044
-0.012720126553723163	-0.019705996052267732	-0.021121985246741654	-0.02046729732682294	-0.017655703231790366	-0.01408518731027345	-0.009963008872397542	-0.006153416875261984	-0.00319904605497494	-0.0027038480330958637	-0.0020872201257939945	0.00020372027648605197	0.0012912819224017728	0.001336846355658797	0.0004955197280790659	-0.0004955197280790693	-0.0013368463556587967	-0.001291281922401774	-0.00020372027648605124	0.002087220125793998	0.002703848033095863	0.0031990460549749483	0.006153416875262002	0.009963008872397542	0.01408518731027345	0.017655703231790366	0.02046729732682294	0.021121985246741654	0.019705996052267732	0.012720126553723043
-0.01134855468502757	-0.019561823561929318	-0.021020215607511914	-0.01955146771905787	-0.015921141744742223	-0.011452801045349854	-0.006867149825255472	-0.0027036726996456377	-4.3682585633898654e-5	0.0002652940930041988	0.0016354698419346044	0.003921859090022293	0.004334542961279047	0.0035576622506706024	0.0012813919545241867	-0.0012813919545241962	-0.003557662250670601	-0.004334542961279047	-0.003921859090022292	-0.001635469841934602	-0.00026529409300419816	4.3682585633903886e-5	0.002703672699645657	0.006867149825255472	0.011452801045349854	0.015921141744742223	0.01955146771905787	0.021020215607511914	0.019561823561929318	0.011348554685027455
-0.010072405009700316	-0.01890734732546151	-0.02033913539027243	-0.01790302325970271	-0.013452996283018086	-0.008254036205311644	-0.0035198648118510076	0.0006978631934296384	0.0028049461599818433	0.0031551028123471356	0.005240383734903737	0.0073353940653912925	0.0072871357269889735	0.0056757189732604555	0.0020454606112121194	-0.002045460611212133	-0.005675718973260453	-0.007287135726988974	-0.007335394065391292	-0.0052403837349037355	-0.0031551028123471374	-0.0028049461599818403	-0.0006978631934296201	0.0035198648118510076	0.008254036205311644	0.013452996283018086	0.01790302325970271	0.02033913539027243	0.01890734732546151	0.010072405009700204
-0.008882478372985367	-0.01759140169624876	-0.01898357134682588	-0.015617762379017462	-0.010483016603961677	-0.004931480703546661	-0.0004002346209283647	0.0035072405138463236	0.004910975459012087	0.005477126764002395	0.008117053867819616	0.010007093519497681	0.009728172639461352	0.007306628439353255	0.00262389686235517	-0.0026238968623551865	-0.007306628439353253	-0.009728172639461354	-0.010007093519497681	-0.008117053867819616	-0.005477126764002398	-0.004910975459012089	-0.003507240513846309	0.0004002346209283647	0.004931480703546661	0.010483016603961677	0.015617762379017462	0.01898357134682588	0.01759140169624876	0.008882478372985262
-0.0075042136183091765	-0.015560665466911993	-0.01709403162650341	-0.012945148884017935	-0.007353446265738263	-0.001997056877050611	0.0019849271124994542	0.005325420959682938	0.006057145773138503	0.006965254143169794	0.009972879898346785	0.011676853255500679	0.01126412924069843	0.008200284806144181	0.0029563104020410014	-0.002956310402041021	-0.008200284806144178	-0.011264129240698436	-0.011676853255500677	-0.009972879898346781	-0.0069652541431698	-0.006057145773138505	-0.005325420959682927	-0.0019849271124994542	0.001997056877050611	0.007353446265738263	0.012945148884017935	0.01709403162650341	0.015560665466911993	0.007504213618309089
-0.006153934649049289	-0.01347923544898222	-0.015016878415437085	-0.010051483927074022	-0.004352079939958806	0.00027166458330901813	0.003470924244975725	0.0060888990303777325	0.006307254612701601	0.007626386842309983	0.01084681025592181	0.012376456111532937	0.011750487161287746	0.008267710453805534	0.0030135210877225826	-0.0030135210877226012	-0.008267710453805534	-0.01175048716128775	-0.012376456111532933	-0.010846810255921806	-0.00762638684230999	-0.0063072546127016	-0.006088899030377725	-0.003470924244975725	-0.00027166458330901813	0.004352079939958806	0.010051483927074022	0.015016878415437085	0.01347923544898222	0.006153934649049217
-0.004821232905511389	-0.011479313758223213	-0.012521541828493025	-0.00691702892569291	-0.0018141438257491792	0.0016195963749674079	0.00407103135624939	0.006023488654220155	0.005908614239126618	0.00764917460448456	0.010964776889985055	0.012305231454583256	0.011360531984034436	0.007624981535852531	0.0027741711672271446	-0.0027741711672271624	-0.007624981535852526	-0.011360531984034443	-0.012305231454583256	-0.010964776889985055	-0.007649174604484565	-0.0059086142391266225	-0.0060234886542201525	-0.00407103135624939	-0.0016195963749674079	0.0018141438257491792	0.00691702892569291	0.012521541828493025	0.011479313758223213	0.004821232905511328
-0.0033519884225634146	-0.009092427949777377	-0.009385041701260142	-0.004034184114662591	-0.0002913793990057074	0.0018773235348316316	0.0038082408309405616	0.0053325786102309	0.005115337997816696	0.007239065936979338	0.010584162903681693	0.011697251496932643	0.010398548709466581	0.006547190999606963	0.0022987113207275037	-0.0022987113207275194	-0.006547190999606958	-0.010398548709466583	-0.01169725149693264	-0.010584162903681688	-0.007239065936979346	-0.005115337997816696	-0.005332578610230897	-0.0038082408309405616	-0.0018773235348316316	0.0002913793990057074	0.004034184114662591	0.009385041701260142	0.009092427949777377	0.0033519884225633673
-0.002166912313261795	-0.006805025501244571	-0.006489348803983022	-0.002293863347286166	8.516163850092327e-5	0.0015300005605039203	0.003304826033652306	0.004457283395850062	0.004219863407968195	0.006645293006755273	0.009893901578026302	0.010771248459672762	0.009146746417068842	0.005328161898019093	0.001732783269706656	-0.0017327832697066673	-0.005328161898019092	-0.00914674641706885	-0.010771248459672764	-0.009893901578026299	-0.006645293006755283	-0.004219863407968193	-0.0044572833958500604	-0.003304826033652306	-0.0015300005605039203	-8.516163850092327e-5	0.002293863347286166	0.006489348803983022	0.006805025501244571	0.002166912313261761
-0.0012904936699146014	-0.004907099749266409	-0.004336345039812223	-0.0014017433839854589	0.0002927114561680062	0.001596920130958697	0.003450781764714446	0.004148999671073255	0.003690075132867845	0.006149738435508901	0.009012232278873917	0.009647130215824664	0.007860033761296091	0.004229008942763363	0.0012467932621543084	-0.0012467932621543173	-0.004229008942763361	-0.007860033761296093	-0.009647130215824662	-0.009012232278873919	-0.006149738435508908	-0.003690075132867845	-0.00414899967107326	-0.003450781764714446	-0.001596920130958697	-0.0002927114561680062	0.0014017433839854589	0.004336345039812223	0.004907099749266409	0.0012904936699145756
-0.00024203107896663786	-0.0025806176994805806	-0.0021410146825859362	-0.00022761919487209888	0.0011450260842665492	0.002320718186949318	0.0039796000702244936	0.0043088438062141975	0.003664932430414382	0.005650151051609429	0.007772901415502858	0.00819452954739438	0.006621123224270254	0.0034635261103610673	0.0009748744777369315	-0.0009748744777369385	-0.003463526110361065	-0.00662112322427026	-0.00819452954739438	-0.0077729014155028565	-0.0056501510516094346	-0.0036649324304143804	-0.004308843806214202	-0.0039796000702244936	-0.002320718186949318	-0.0011450260842665492	0.00022761919487209888	0.0021410146825859362	0.0025806176994805806	0.00024203107896662428
0.0005724383939357587	-0.00026711326733237296	-7.926014234027948e-5	0.0009093340232494208	0.0017820721767367784	0.0025172422841564317	0.003491954127869212	0.0036002472413826873	0.003092917354334265	0.004129462108062187	0.005237488068015159	0.005446862884586054	0.004470910261934573	0.002409509299936695	0.0006973341507270862	-0.0006973341507270914	-0.002409509299936694	-0.0044709102619345745	-0.005446862884586053	-0.00523748806801516	-0.00412946210806219	-0.0030929173543342656	-0.0036002472413826907	-0.003491954127869212	-0.0025172422841564317	-0.0017820721767367784	-0.0009093340232494208	7.926014234027948e-5	0.00026711326733237296	-0.0005724383939357591
0.00036197976289978193	0.00022804011316030295	0.00022669939172252211	0.00047673479489594543	0.0007243224347475539	0.0009171599618243969	0.0011589568843585027	0.001135387742280278	0.0009356191086800757	0.0011750626092692064	0.0014520504044463055	0.0015073575339585408	0.001245554830675571	0.0006717547212516047	0.00019554007842233136	-0.0001955400784223328	-0.0006717547212516044	-0.001245554830675572	-0.0015073575339585414	-0.001452050404446306	-0.001175062609269207	-0.0009356191086800761	-0.001135387742280279	-0.0011589568843585027	-0.0009171599618243969	-0.0007243224347475539	-0.00047673479489594543	-0.00022669939172252211	-0.00022804011316030295	-0.00036197976289978
0.0	0.0	0.0	0.0	0.0	0.0	0.0	0.0	0.0	0.0	0.0	0.0	0.0	0.0	0.0	0.0	0.0	0.0	0.0	0.0	0.0	0.0	0.0	0.0	0.0	0.0	0.0	0.0	0.0	0.0
0.0	0.0	0.0	0.0	0.0	0.0	0.0	0.0	0.0	0.0	0.0	0.0	0.0	0.0	0.0	0.0	0.0	0.0	0.0	0.0	0.0	0.0	0.0	0.0	0.0	0.0	0.0	0.0	0.0	0.0
